138 248
0 45 1.006880
0 19 0.993120
1 48 0.942384
1 93 0.967592
1 6 0.090024
2 134 0.039521
2 137 0.025761
2 55 0.974239
2 87 0.960479
3 70 0.028853
3 90 0.002141
3 93 1.000000
3 35 0.365920
3 5 0.077892
3 17 0.525195
4 65 1.000000
4 78 0.998585
4 89 0.001415
5 76 0.891115
5 50 1.000000
5 93 0.030994
6 93 0.001415
6 131 0.908561
6 118 1.000000
7 65 0.001071
7 89 1.000000
7 14 0.818538
7 75 0.180392
8 42 0.180392
8 59 0.819608
8 92 1.000000
9 83 0.061384
9 126 1.000000
9 119 0.754703
9 99 0.151858
9 58 0.032055
10 134 1.000000
10 87 0.039521
10 135 0.953599
10 15 0.006880
11 112 0.345207
11 60 0.655022
11 63 1.000229
12 125 0.350100
12 82 0.343831
12 128 0.113966
12 39 1.000229
12 110 0.191874
13 103 1.000000
13 117 0.653799
13 82 0.346201
14 67 0.181462
14 75 1.000000
15 135 1.006880
15 88 0.986240
16 104 0.016269
16 110 0.824395
16 73 0.983731
16 29 0.175605
17 35 0.002141
17 105 0.501517
17 90 0.971147
18 102 1.000000
18 81 0.344803
18 97 0.655197
19 135 0.039521
19 21 0.967359
20 50 0.994341
20 51 0.949458
20 48 0.056201
21 45 0.032641
21 87 1.000000
22 40 1.000000
22 120 0.090024
22 98 0.909976
23 44 0.018046
23 72 0.981954
23 107 1.000000
24 43 0.088227
24 41 0.001071
24 94 1.000000
24 32 0.909632
24 33 0.001071
25 115 1.000764
25 132 0.348724
25 28 0.651276
25 38 0.000764
26 124 0.994341
26 58 1.000000
26 50 0.005659
27 57 0.986240
27 88 1.013760
28 39 0.347959
28 125 0.343908
28 38 0.656857
29 73 0.840664
29 46 0.983731
30 79 0.448791
30 126 0.551209
30 52 1.000000
31 34 0.004129
31 85 0.998165
31 109 0.997706
32 67 1.000000
32 41 0.090368
33 131 1.001414
33 78 0.001415
33 41 0.908217
33 94 0.087883
34 91 0.995871
34 108 1.000000
35 97 1.000000
35 81 0.042208
35 56 0.589730
36 72 0.009787
36 71 0.923237
36 52 0.072481
36 66 0.994495
37 133 1.000000
37 80 0.602276
37 101 0.378842
37 45 0.018881
38 60 0.344367
38 115 0.000268
38 112 0.999350
39 60 0.346125
39 125 0.305993
40 48 0.020276
40 136 0.979724
41 67 0.818538
41 65 0.181807
42 75 0.819608
42 62 0.818538
42 59 0.180392
42 92 0.001071
43 129 0.041138
43 106 0.909632
43 105 0.168107
43 94 0.792897
44 107 0.324005
44 52 0.715451
44 81 0.942499
45 137 0.941598
46 121 1.000000
46 68 0.016269
47 63 0.893707
47 98 0.999771
47 104 0.106522
48 51 0.981139
49 91 0.007186
49 86 0.992814
49 122 1.000000
51 121 0.069403
52 66 0.009787
52 71 0.202281
53 57 1.006880
53 77 0.993120
54 130 0.993120
54 117 0.332442
54 115 0.355604
54 132 0.318835
55 137 0.065282
55 134 0.960479
56 58 0.410270
56 76 1.000000
57 99 0.006880
58 126 0.448791
58 76 0.108885
59 62 1.000000
60 112 0.654487
61 137 0.617259
61 113 0.382741
61 130 1.000000
62 89 0.181462
63 104 0.016269
63 98 0.090253
64 69 0.001071
64 92 0.998929
64 74 1.000000
65 89 0.817123
66 72 0.995718
68 121 0.908669
68 128 0.988683
68 124 0.086380
69 102 0.998929
69 129 1.000000
70 90 1.000000
70 106 0.971147
71 79 0.651523
71 122 0.076763
71 123 0.146196
72 122 0.000461
72 86 0.012079
73 104 0.016269
73 136 0.159336
74 102 0.001071
74 114 0.998929
77 127 0.010242
77 108 0.996637
78 120 1.000000
79 99 0.841262
79 127 0.058424
80 133 0.061384
80 116 0.754703
80 119 0.581637
81 107 0.670490
82 125 1.000000
82 103 0.309967
83 99 1.000000
83 133 0.938616
84 109 0.000306
84 85 1.000153
84 111 0.998929
84 95 0.000612
85 109 0.001988
86 95 0.995106
90 105 0.026712
91 127 0.996943
94 106 0.119221
95 107 0.005505
95 109 1.000000
96 113 0.028743
96 101 0.950618
96 100 1.000000
96 117 0.020640
97 105 0.344803
100 101 0.006880
100 117 0.411483
100 116 0.581637
101 113 0.663660
103 132 0.690033
104 136 0.860940
104 110 0.983731
105 129 0.958862
108 127 0.003363
111 114 1.001071
112 115 0.000955
113 137 0.350100
113 117 0.574757
115 132 0.642409
116 119 0.663660
117 130 0.006880
118 131 0.090024
118 120 0.909976
121 124 0.021928
122 123 0.922777
123 127 0.931027
124 128 0.897351
