250 416
0 155 1.000000
0 93 0.993120
155 28 0.993120
28 33 0.967359
33 152 1.000000
152 247 1.000000
247 192 1.000000
192 3 0.960479
3 91 0.974239
91 120 0.960479
120 238 1.000000
238 244 1.000000
244 41 1.000000
41 87 0.993120
87 11 1.000000
11 246 0.953599
246 17 0.993120
17 146 1.000000
146 71 0.986240
71 154 1.000000
154 43 1.000000
43 166 0.986240
166 19 0.006880
166 97 1.000000
97 180 0.006880
97 19 0.993120
19 89 1.000000
89 134 0.993120
134 196 0.996637
196 52 0.000306
196 143 0.999694
143 52 1.000000
52 163 0.995871
163 234 0.996943
234 137 0.058424
234 230 0.931027
230 124 0.146196
230 228 0.922777
228 124 0.076763
228 82 1.000000
82 149 0.992814
149 173 0.995106
173 183 0.999388
183 56 0.997859
56 101 1.000000
101 197 0.997859
197 23 1.000000
23 49 0.997706
49 148 0.998165
148 73 0.999847
73 145 0.998777
145 206 0.998624
206 203 0.999388
203 153 0.999388
153 26 1.000000
26 185 0.001071
26 96 0.997400
96 138 0.999082
138 185 1.000000
185 202 0.998929
202 174 0.998471
174 88 1.000000
88 212 0.998471
212 53 1.000000
53 119 0.998929
119 205 0.001071
119 224 1.000000
224 147 1.000000
147 128 1.000000
128 113 1.000000
113 165 0.998929
165 63 0.001071
165 9 1.000000
9 100 0.819608
9 63 0.180392
100 63 0.180392
100 106 1.000000
106 211 1.000000
211 63 0.818538
211 156 0.134354
63 129 0.819608
129 8 0.180392
129 16 1.000000
16 8 0.818538
16 116 0.181462
8 209 1.000000
209 156 0.047108
209 223 0.952892
223 156 1.000000
156 114 0.817123
156 135 0.001415
114 62 0.181807
114 5 1.000000
5 135 1.000000
135 136 0.998585
136 122 0.000344
136 200 1.000000
200 20 0.000344
200 122 0.999656
122 188 1.000000
188 74 0.998929
74 51 0.001415
74 20 0.999656
20 226 1.000000
226 219 1.000000
219 48 1.000000
48 14 1.000000
14 160 1.000000
160 95 1.000000
95 157 1.000000
157 245 1.000000
245 164 1.000000
164 187 1.000000
187 34 0.090024
187 218 0.909976
218 240 0.090024
218 7 1.000000
7 2 0.090024
7 240 0.908561
240 58 0.002829
240 51 0.998585
51 58 1.000000
58 169 0.087883
58 62 0.908217
58 37 0.001071
62 116 0.818538
62 50 0.090368
116 50 1.000000
50 37 0.909632
37 169 1.000000
169 64 0.792897
64 191 0.168107
64 193 0.909632
193 123 0.971147
123 199 1.000000
199 162 0.971147
162 22 0.971147
22 191 0.501517
22 4 0.525195
4 6 0.077892
4 44 0.030994
4 54 0.365920
4 168 0.969006
168 6 0.030994
168 107 0.998585
107 44 1.000000
44 2 0.966177
2 80 0.942384
80 30 0.056201
80 85 0.981139
85 227 0.069403
85 30 0.949458
30 84 0.994341
84 171 0.005659
84 167 1.000000
167 39 0.005659
167 171 0.994341
171 6 1.000000
6 130 0.891115
130 109 0.108885
130 92 1.000000
92 109 0.410270
92 83 0.589730
83 178 0.368061
83 54 1.000000
54 178 0.631939
178 170 0.655197
178 191 0.344803
191 221 0.958862
221 133 1.000000
133 127 1.000000
127 66 1.000000
66 77 1.000000
77 131 1.000000
131 236 1.000000
236 118 1.000000
118 184 0.998929
184 108 0.001071
184 205 1.000000
205 108 0.998929
108 25 1.000000
25 27 1.000000
27 170 1.000000
170 140 0.344803
140 195 0.670490
140 67 0.942499
67 121 0.715451
67 195 0.324005
195 35 1.000000
35 125 0.981954
125 115 0.995718
115 55 0.994495
55 121 0.072481
55 124 0.923237
124 137 0.651523
124 121 0.202281
121 86 1.000000
86 47 1.000000
47 233 0.551209
47 137 0.448791
137 180 0.841262
180 81 0.151858
180 144 1.000000
144 36 1.000000
36 229 1.000000
229 217 1.000000
217 243 0.938616
243 194 0.981119
194 57 1.000000
57 182 0.378842
57 139 0.602276
139 220 0.581637
139 215 0.754703
215 181 0.581637
215 220 0.663660
220 81 0.754703
81 233 0.032055
81 141 1.000000
141 158 1.000000
158 241 1.000000
241 10 1.000000
10 32 1.000000
32 98 0.032055
32 233 0.967945
233 98 0.448791
98 39 0.519155
98 201 1.000000
201 109 1.000000
109 39 0.480845
39 231 0.994341
231 117 0.086380
231 235 0.897351
235 103 0.113966
235 117 0.988683
117 78 0.016269
117 227 0.908669
227 78 1.000000
78 46 0.983731
46 126 0.840664
46 18 0.175605
126 18 0.983731
126 248 0.159336
18 198 0.824395
198 222 0.191874
198 189 0.983731
189 248 0.860940
189 79 0.106522
248 61 0.979724
61 175 0.090024
61 34 0.909976
34 151 1.000000
151 150 1.000000
150 210 1.000000
210 65 1.000000
65 175 1.000000
175 179 0.909976
179 79 0.999771
179 112 0.090024
179 161 0.000229
79 112 0.893707
112 1 1.000000
1 161 0.999771
1 21 0.000229
161 21 1.000000
21 159 0.999771
159 190 1.000000
159 75 0.000229
190 40 0.000229
190 75 0.999771
75 225 1.000000
225 105 1.000000
105 94 1.000000
94 110 1.000000
110 40 0.999694
40 177 0.999771
177 12 0.999924
12 132 0.000229
12 31 0.999771
31 132 1.000000
132 24 0.999694
24 204 0.344978
24 102 0.655022
102 59 0.343182
102 29 0.001185
102 60 0.346125
102 204 0.654487
204 213 0.000955
204 29 0.999350
29 59 0.999197
59 45 0.656857
45 232 0.343908
45 38 0.651276
45 60 0.347959
60 69 0.305840
60 111 0.999847
111 76 0.305916
111 69 0.694237
69 172 0.999924
172 232 0.305840
172 76 0.694237
76 72 0.999847
72 99 0.807897
72 103 0.192103
72 232 0.000153
99 68 0.192103
99 214 1.000000
214 222 1.000000
222 68 0.807897
68 13 1.000000
13 103 1.000000
103 142 0.343831
103 232 0.350100
232 237 0.343831
232 142 0.656169
142 237 1.000000
237 208 0.309967
237 15 0.346201
15 216 0.653799
15 186 1.000000
186 208 1.000000
208 242 0.690033
242 213 0.642409
242 90 0.318835
242 38 0.348724
38 42 0.999236
42 213 1.000000
213 90 0.355604
90 216 0.332442
90 239 0.993120
239 104 1.000000
239 216 0.006880
216 176 0.020640
216 207 0.574757
216 181 0.411483
181 176 1.000000
176 182 0.950618
182 207 0.663660
207 104 0.382741
104 249 0.617259
249 70 0.941598
70 93 1.000000
136 188 0.001071
246 146 0.013760
87 17 0.006880
174 212 0.001529
163 82 0.007186
206 153 0.000612
145 96 0.002294
28 246 0.039521
73 206 0.001376
38 213 0.000764
183 96 0.000612
173 195 0.005505
29 213 0.000268
67 35 0.018046
168 44 0.001415
113 118 0.001071
0 70 0.006880
91 249 0.065282
176 207 0.028743
181 182 0.006880
169 193 0.119221
3 249 0.025761
134 234 0.010242
125 55 0.009787
203 96 0.000612
123 162 0.028853
162 191 0.026712
162 4 0.002141
207 249 0.350100
217 81 0.061384
192 11 0.039521
3 120 0.039521
41 11 0.006880
166 89 0.006880
52 49 0.003823
197 145 0.000306
203 26 0.000612
26 138 0.000918
202 53 0.001071
8 114 0.001071
64 221 0.041138
243 57 0.018881
40 24 0.000306
71 43 0.013760
197 148 0.001835
155 93 0.006880
196 234 0.003363
149 125 0.012079
183 101 0.002141
56 23 0.002141
23 148 0.000153
202 88 0.001529
83 140 0.042208
115 121 0.009787
231 227 0.021928
110 177 0.000229
59 42 0.000764
33 70 0.032641
211 223 0.047108
143 49 0.000306
7 44 0.001415
62 37 0.001071
199 4 0.028853
22 54 0.002141
80 61 0.020276
194 70 0.018881
126 189 0.016269
18 189 0.016269
37 64 0.088227
243 139 0.061384
189 112 0.016269
228 125 0.000461
31 204 0.000229
60 222 0.000229
107 2 0.001415
